                  precision    recall  f1-score   support

             ARA       1.00      0.75      0.86        16
           AZALT       0.86      0.75      0.80         8
              AÇ       0.91      0.96      0.93        50
          BOŞLUK       0.45      1.00      0.62        14
             BUL       0.88      1.00      0.94        36
           BÜYÜT       0.92      1.00      0.96        11
        DEĞİŞTİR       0.96      0.70      0.81        37
           DİĞER       0.77      0.73      0.75        45
           ENTER       1.00      1.00      1.00         4
             GEÇ       0.32      0.73      0.44        11
          GÖNDER       0.00      0.00      0.00         2
             GİT       0.70      0.88      0.78        32
           KAPAT       0.83      0.83      0.83         6
          KAYDET       1.00      1.00      1.00         5
          KAYDIR       0.86      0.86      0.86        22
             KES       1.00      1.00      1.00         5
         KOPYALA       0.92      0.85      0.88        27
          KÜÇÜLT       1.00      1.00      1.00        11
               O       0.96      0.88      0.92       281
  SEKME_DEĞİŞTİR       0.92      0.57      0.71        21
             SEÇ       1.00      1.00      1.00        25
             SİL       0.94      1.00      0.97        15
            TAŞI       0.77      1.00      0.87        27
           TIKLA       0.75      1.00      0.86         6
        YAPIŞTIR       0.92      1.00      0.96        11
             YAZ       0.87      0.94      0.90        70
          YAZDIR       1.00      0.58      0.74        12
YENİDEN_ADLANDIR       0.56      0.43      0.49        21
    YENİ_OLUŞTUR       0.82      0.67      0.74        46
           YÜKLE       0.00      0.00      0.00         2
          YİNELE       0.92      1.00      0.96        24
           İNDİR       0.75      1.00      0.86         9

        accuracy                           0.86       912
       macro avg       0.80      0.82      0.79       912
    weighted avg       0.88      0.86      0.86       912
