                  precision    recall  f1-score   support

             ARA       0.71      0.31      0.43        16
           ARTIR       0.00      0.00      0.00         0
           AZALT       1.00      0.67      0.80         6
              AÇ       0.85      0.82      0.84        50
          BOŞLUK       0.48      0.71      0.57        14
             BUL       0.88      0.81      0.84        36
           BÜYÜT       0.61      1.00      0.76        11
        DEĞİŞTİR       0.69      0.59      0.64        37
           DİĞER       0.46      0.62      0.53        45
           ENTER       1.00      0.75      0.86         4
             GEÇ       0.45      0.45      0.45        11
          GÖNDER       0.00      0.00      0.00         2
             GİT       0.77      0.75      0.76        32
           KAPAT       1.00      0.50      0.67         6
          KAYDET       0.75      1.00      0.86         3
          KAYDIR       0.81      0.95      0.88        22
             KES       1.00      0.60      0.75         5
         KOPYALA       0.92      0.85      0.88        27
          KÜÇÜLT       1.00      0.45      0.62        11
               O       0.78      0.81      0.80       280
  SEKME_DEĞİŞTİR       0.81      0.62      0.70        21
             SEÇ       1.00      0.68      0.81        22
             SİL       1.00      0.53      0.70        15
            TAŞI       0.68      1.00      0.81        27
           TIKLA       0.55      1.00      0.71         6
        YAPIŞTIR       1.00      1.00      1.00        11
             YAZ       0.94      0.70      0.80        70
          YAZDIR       0.92      0.92      0.92        12
YENİDEN_ADLANDIR       0.62      0.62      0.62        21
    YENİ_OLUŞTUR       0.71      0.85      0.77        46
           YÜKLE       0.00      0.00      0.00         2
          YİNELE       0.83      0.83      0.83        24
           İNDİR       0.70      0.78      0.74         9

        accuracy                           0.76       904
       macro avg       0.72      0.67      0.68       904
    weighted avg       0.78      0.76      0.76       904
