                  precision    recall  f1-score   support

             ARA       1.00      0.56      0.72        16
           ARTIR       0.00      0.00      0.00         0
           AZALT       1.00      0.75      0.86         8
              AÇ       0.90      0.92      0.91        50
          BOŞLUK       0.61      1.00      0.76        14
             BUL       0.97      1.00      0.99        36
           BÜYÜT       0.92      1.00      0.96        11
        DEĞİŞTİR       0.85      0.46      0.60        37
           DİĞER       0.58      0.73      0.65        45
           ENTER       0.67      1.00      0.80         4
             GEÇ       0.42      0.73      0.53        11
          GÖNDER       0.00      0.00      0.00         2
             GİT       0.65      0.88      0.75        32
           KAPAT       1.00      1.00      1.00         6
          KAYDET       1.00      1.00      1.00         5
          KAYDIR       0.86      0.86      0.86        22
             KES       1.00      1.00      1.00         5
         KOPYALA       0.82      1.00      0.90        27
          KÜÇÜLT       1.00      1.00      1.00        11
               O       0.94      0.86      0.90       281
  SEKME_DEĞİŞTİR       0.87      0.62      0.72        21
             SEÇ       0.89      1.00      0.94        25
             SİL       0.94      1.00      0.97        15
            TAŞI       1.00      1.00      1.00        27
           TIKLA       0.67      1.00      0.80         6
        YAPIŞTIR       0.73      1.00      0.85        11
             YAZ       0.83      0.90      0.86        70
          YAZDIR       0.69      0.92      0.79        12
YENİDEN_ADLANDIR       0.71      0.57      0.63        21
    YENİ_OLUŞTUR       0.76      0.63      0.69        46
           YÜKLE       0.00      0.00      0.00         2
          YİNELE       0.95      0.88      0.91        24
           İNDİR       0.75      1.00      0.86         9

        accuracy                           0.84       912
       macro avg       0.76      0.80      0.76       912
    weighted avg       0.86      0.84      0.84       912
