                  precision    recall  f1-score   support

             ARA       1.00      0.88      0.93        16
           ARTIR       0.00      0.00      0.00         0
           AZALT       1.00      0.75      0.86         8
              AÇ       0.91      0.96      0.93        50
          BOŞLUK       0.88      1.00      0.93        14
             BUL       0.97      1.00      0.99        36
           BÜYÜT       0.92      1.00      0.96        11
        DEĞİŞTİR       0.86      0.84      0.85        37
           DİĞER       0.82      0.71      0.76        45
           ENTER       1.00      1.00      1.00         4
             GEÇ       0.42      0.73      0.53        11
          GÖNDER       0.00      0.00      0.00         2
             GİT       0.70      0.88      0.78        32
           KAPAT       1.00      0.67      0.80         6
          KAYDET       1.00      1.00      1.00         5
          KAYDIR       0.90      0.86      0.88        22
             KES       1.00      1.00      1.00         5
         KOPYALA       0.92      0.89      0.91        27
          KÜÇÜLT       0.79      1.00      0.88        11
               O       0.96      0.89      0.92       281
  SEKME_DEĞİŞTİR       1.00      0.57      0.73        21
             SEÇ       1.00      1.00      1.00        25
             SİL       0.75      1.00      0.86        15
            TAŞI       0.87      1.00      0.93        27
           TIKLA       0.86      1.00      0.92         6
        YAPIŞTIR       1.00      1.00      1.00        11
             YAZ       0.83      1.00      0.91        70
          YAZDIR       0.83      0.83      0.83        12
YENİDEN_ADLANDIR       0.63      0.81      0.71        21
    YENİ_OLUŞTUR       0.86      0.67      0.76        46
           YÜKLE       0.00      0.00      0.00         2
          YİNELE       0.92      0.96      0.94        24
           İNDİR       1.00      1.00      1.00         9

        accuracy                           0.88       912
       macro avg       0.81      0.82      0.80       912
    weighted avg       0.89      0.88      0.88       912
