                  precision    recall  f1-score   support

             ARA       0.89      0.50      0.64        16
           ARTIR       0.00      0.00      0.00         0
           AZALT       1.00      0.67      0.80         6
              AÇ       0.91      0.96      0.93        50
          BOŞLUK       0.44      1.00      0.61        14
             BUL       0.97      0.97      0.97        36
           BÜYÜT       0.92      1.00      0.96        11
        DEĞİŞTİR       0.72      0.35      0.47        37
           DİĞER       0.53      0.73      0.62        45
           ENTER       1.00      1.00      1.00         4
             GEÇ       0.44      0.73      0.55        11
          GÖNDER       0.00      0.00      0.00         2
             GİT       0.74      0.88      0.80        32
           KAPAT       1.00      1.00      1.00         6
          KAYDET       0.75      1.00      0.86         3
          KAYDIR       0.76      0.86      0.81        22
             KES       1.00      1.00      1.00         5
         KOPYALA       0.82      1.00      0.90        27
          KÜÇÜLT       1.00      1.00      1.00        11
               O       0.93      0.88      0.90       280
  SEKME_DEĞİŞTİR       0.88      0.71      0.79        21
             SEÇ       0.96      1.00      0.98        22
             SİL       0.94      1.00      0.97        15
            TAŞI       1.00      1.00      1.00        27
           TIKLA       1.00      1.00      1.00         6
        YAPIŞTIR       1.00      1.00      1.00        11
             YAZ       0.87      0.94      0.90        70
          YAZDIR       0.78      0.58      0.67        12
YENİDEN_ADLANDIR       0.50      0.62      0.55        21
    YENİ_OLUŞTUR       0.81      0.63      0.71        46
           YÜKLE       0.00      0.00      0.00         2
          YİNELE       0.86      0.50      0.63        24
           İNDİR       1.00      1.00      1.00         9

        accuracy                           0.83       904
       macro avg       0.77      0.77      0.76       904
    weighted avg       0.85      0.83      0.83       904
